OutRangeField
 0 10 20 30 40 50 60 70 80 90
 1 11 21 31 41 51 61 71 81 91
 2 12 22 32 42 52 62 72 82 92
 3 13 23 33 43 53 63 73 83 93
 4 14 24 34 44 54 64 74 84 94
 5 15 25 35 45 55 65 75 85 95
 6 16 26 36 46 56 66 76 86 96
 7 17 27 37 47 57 67 77 87 97
 8 18 28 38 48 58 68 78 88 98
 9 19 29 39 49 59 69 79 89 99

InRangeField
    0  8 16 24 32 40 48 56
    1  9 17 25 33 41 49 57
    2 10 18 26 34 42 50 58
    3 11 19 27 35 43 51 59
    4 12 20 28 36 44 52 60
    5 13 21 29 37 45 53 61
    6 14 22 30 38 46 54 62
    7 15 23 31 39 47 55 63


InRangeField(x) = OutRangeField(x)-(11+(2*y))